0.954264668529466
-0.09147898683905531
1.3009497397186602
-1.4745558198853341
5.206726548700281
0.6595867269942128
1.8700556977692555
0.2888885705910378
-4.617796694874199
0.39024540168714505
1.4185754837439224
6.53697449048904
-3.162897365646877
1.8914071950378233
1.5517090636960549
2.657078395908561
1.225641325861603
-0.0536056139197405
-0.4097906982455297
1.756336484879037
5.2768024388187
-0.6226374578649967
-2.541602453787931
1.9802058508271196
-2.677290509398902
4.536955515279053
-3.922496008550929
3.855145701789805
0.7343580582751823
1.009935418152911
3.419968019554481
-1.9892003577338064
-1.8645506533207872
-0.38375813814770954
3.8528467145524905
3.359511734162406
-3.7566029147079743
-3.3322153838798982
-1.519430256453417
-0.7361645165084791
-1.5127278693477137
2.8414132949005904
5.94545007673205
0.47108704490147346
-3.4494142120638873
1.5291725729059698
-2.1555042512873284
4.1265957659887
-1.0537178913410727
-3.0490001529453563
0.22033677669074336
2.018824976408901
0.11469339374279697
-2.0112687145071804
-4.629805376734528
1.053126011884082
-2.415457191408353
-3.0890444002109114
1.819541482906864
-0.42654119838783044
-1.6201902558592618
2.127101229782708
-1.487558328846807
-0.022195088749843883
0.14769978453303323
-3.4926915194110912
2.4249678852842687
-4.101110287396874
0.31782987475763824
-2.4932778582138315
4.067331758265217
3.430974037038403
4.206296150302457
0.17795462876217494
-1.3113650584584264
2.5655172524622003
0.601251209517591
2.845998891247124
-3.6995080050412135
-2.522655877653647
-3.1080545333058263
-2.192241739007344
-2.28688545192902
5.324031141782306
-0.3902196771423809
3.546180314962951
0.3836004329432807
0.6771734392560589
3.619039905270648
-1.6846658003247548
-3.1258680500640135
-1.9187923150389323
-0.9017555001969337
1.0370615791736046
1.590544148612146
3.1192104777241605
1.5015732676158406
0.3449585667058741
-2.102775003384224
-3.717769289184243
-4.784357987679936
1.4846746836972509
-2.1955057481676454
-3.165661653559291
2.774537591864896
-2.061731448297215
-4.561666408788812
0.7485097801121068
-1.6276784053894033
4.37853690892446
1.9731969816533153
-2.5424070535092422
-3.0078408006261865
0.7361597206525956
1.3861504980103545
-3.710468056819035
3.1864458304950496
-1.916764897080803
3.054187719471784
-3.354983657359148
3.3545133537782887
-0.6077307111022647
-1.054952101268177
1.5578129055158754
2.3837729658043347
-0.6023410733577126
3.0222461560758687
6.179948572440053
3.6361154905143818
-0.09210195072684102
-2.7619604149431285
0.9956536672721403
-4.68287577713858
-1.8902249845598695
3.579877608941306
-3.058008762003208
3.3048755732090784
-0.6515094489308204
4.957357366019748
-3.9773837632599918
0.6511603333978885
2.9198699155288033
2.7852868144558647
-2.2626301876271877
-2.242053627469523
-0.008812203143619524
0.31089943558517774
-0.7230086193461602
0.5627276974635823
0.9833849399295312
4.82579545466312
-2.82572173576094
-1.35840937433492
-3.385459660884158
1.184896556699429
0.7351156502414038
2.907917602386159
1.8214778549550417
2.6879790714598375
2.397309051220265
4.674630419908648
-1.0311963006441898
-2.528458889459019
-0.71635585340865
1.0596186987908278
4.934373382312079
-1.4137568130585896
0.14643928697823094
-0.2721457304569028
0.0462322552771095
-1.4924679763124162
-4.325496971591504
-1.7988919047039609
0.6050851388000018
-1.7583590118119719
-1.506606704236678
-2.289327758488704
-1.2521918488266577
-0.9938400553357829
0.9939774732249325
-2.4785977464907356
0.921694496374919
1.8867577250025755
4.0272800390324575
0.15821699755776697
0.08378738565780952
0.028384492870577205
2.3559445874599643
1.7632677038901832
0.2876502858206387
6.729603439158846
3.899178184046522
-0.5940660687471342
-0.942621705131788
5.449759794840694
-1.6836263352169478
-0.8684687729724014
-3.3784521766252604
-2.942873344745392
-1.5099383090548337
0.7270424105690398
0.1601648546972152
1.3040483065582844
4.64954545012061
-2.570477040386577
-2.692109706597232
0.24400726172391907
-0.6701428621761432
4.7339758686592965
2.091096993350388
1.9430363164546254
0.21837232259195782
1.4716374747400938
0.6807929951155218
1.6732754524645292
0.6004776178916131
-4.367299575750664
2.8253284897320095
4.541197472276197
0.37898417363909953
1.720292585172852
-2.4711258989319362
1.7700205274749474
2.204080260492729
0.9242841500925776
0.6579541171768115
-0.1852790722688369
-2.774400098889103
-0.9482593563827257
2.5200872352371997
-2.2584901174304726
1.029970313339419
3.418986516170502
-1.7455091783305685
-0.6323729819085584
0.4385847044020412
-0.7064666316795294
4.6110994234638225
-0.05323491008498937
1.122619003472531
2.8288411477252153
-0.7139937373449126
-4.6342722866171675
-2.9974831206304224
0.5648552283041052
-0.7597742767173759
1.056432208081548
-3.1825739713422054
1.3146508007819457
1.3115775830984648
-2.2770583236706594
0.3920801723176197
-1.1414808327963
-1.6829105725332907
6.860774874495002
-0.12806540899736962
3.9411184749025012
3.4654672793773367
-0.2712084829511927
-1.3125852481571525
0.6306933961338306
-4.40649777263767
-1.6049144581408368
-1.4888019167735682
2.7333994256181975
1.2078836743953607
0.3781357191412704
-2.705069694320645
4.016160369311854
2.992788496266434
-2.2367717967072354
0.8320111685445624
0.9143072375760788
1.938832511556627
-4.790282047484183
3.703984497583752
-1.990933635746071
5.528168861079438
-0.9684320624951184
6.1026443962408345
1.5671688352554962
2.6996221581690953
2.7382017856972274
0.2883385075980289
3.3133738148541205
-0.9381413652321511
-3.141793805868464
1.5584417127732897
4.873084442509825
-3.5355853899909495
1.5824417114085167
-0.3520337647656042
-3.743890540215226
4.153933898442315
-1.3282781567178692
-3.2903789126776446
-1.2227474624168297
-3.042664334553564
-0.9968636980531715
-3.8595044968627055
6.512803628081912
2.9820392518304693
1.8441852263825769
3.929569178880752
-0.10254031489212023
-0.25228153182257573
0.04560257940979118
3.4533199316266696
1.6032287225506834
-1.5774088338035672
-2.345031552914019
3.6532135969972694
-0.2930846192508487
-1.9400282950006011
-2.425394829667727
-3.011493774027807
0.9935659531975396
-0.20076954933562297
0.8721886495322487
3.376532105737391
4.328604076973096
3.729782765130718
-0.6298394148038848
0.06821188484714469
4.898507789107775
3.0000525104281204
-2.6416827764414865
-1.1424246873161454
0.14004917805212536
3.162043796426857
1.2405431269957345
-1.9037495200244354
0.9241163469358877
0.8404913235729214
-1.9644873493010975
0.6479947916678253
-1.3315069877317924
-0.08543300124308995
0.8563497894140948
0.22512836697612792
-0.597235647738326
0.7975752403021525
-2.6269648500876013
-0.5085050370294855
3.988189350414694
-0.08596394065760027
0.5845935409956047
4.730936869553777
2.752485684432509
-2.3434854269017955
1.2243488166180576
-2.5321410327388203
3.303589938029105
-1.6220485445144326
-3.4318035009464047
1.1824001536969484
-3.5179447421798833
-3.3464669381595216
-1.7734127917812357
1.1092362841995325
-0.7749379597227026
0.07475117392182185
-4.391232405181457
-1.2951335035896814
0.7307826424092569
0.44755415085758177
1.1012292412010352
-0.3737691049222396
1.4625304022964485
2.4298041988574735
-0.9767723927977023
1.9036849133321914
-2.9304291402819223
-1.393509754041565
-0.9039395577256468
-0.3454923395065035
0.4940329792753495
0.23053783607180733
3.157826984718154
-3.1442723643048662
1.110800303362537
-3.3264399721585223
-0.8285496014801987
1.7559271232580074
-2.4259001163176452
-2.8703478957997084
0.24399885939682164
-0.4087904572223344
-0.19851081820852468
5.203886041907566
1.3392217310819774
-1.060865147626899
4.129857165070437
-4.66768067185921
-0.16136409739251611
-2.8907483314766766
2.0995698047532008
2.380269245062462
0.6354510792601249
0.3684816299252047
0.1814339715596578
-2.3706388830359
-3.3374165146809522
0.8912858679270688
-1.3914408994579253
2.8043379434913063
-1.1714574002372524
0.3155355134452036
-2.977009071346961
-4.149938074402634
-1.522506397266577
-3.3334664727595067
-0.8740762159126891
0.20326080965686844
3.937175317831482
-3.1647669527090216
0.4285676079938354
-2.881383446196981
-0.7751305364180947
-0.5298140956247726
5.292730615774827
0.9665392338758713
-2.9919065952483233
2.221139065348996
3.3646480352241914
-4.306766806462532
1.0127624339213819
-1.6562364105136211
-0.6612105524855791
2.5360600278975136
-4.433313227729964
-2.2478037257187773
1.2859784813300608
4.314529672642619
4.220566410011467
2.546341064014954
-4.341677409809293
1.1372745970240703
0.16878813769457102
3.481540176984708
0.2506639308748948
3.997206907118698
-2.803666515767379
1.6038138547653462
1.7494146105528126
2.445702673031795
1.1941372859116572
0.5185005592813556
3.6332611180149685
1.3887575050054153
2.3851788777938356
4.614390962402981
-0.9597763551739087
2.9796620021568216
2.037234147804983
5.583739046879166
1.2357345796212198
-0.5751357813692817
-0.3133616314834464
0.5632775405519754
2.1144561539953006
-0.11668971271355266
-1.7880295082032471
-2.279592193540556
6.512229058682817
0.887270164932664
2.4623757944720834
-0.5724756696786066
1.312680602414145
-2.421553564736546
-1.8487594819442228
-1.8875397623103765
-1.2238359231544247
3.2829553423572495
-0.8331480639407558
5.695398915432233
-2.203361716393113
1.1067087970861833
0.8706561382326905
4.085140468427931
3.3799651343750234
6.123357125497474
-2.651533750398894
-0.14192409543570372
4.888447750641879
-2.5448705450053586
1.8215449575503078
-3.5175403348969043
7.3890560989306495
